Number-of-branches False-positive-rate-(%) Number-of-hash-functions Bloom-filter-size-(KB)
1 1 7 0.00195312
1 2 6 0.000976562
1 3 5 0.000976562
1 4 5 0.000976562
1 5 4 0.000976562
1 6 4 0.000976562
1 7 4 0.000976562
1 8 4 0.000976562
1 9 4 0.000976562
1 10 3 0.000976562
1 11 3 0.000976562
1 12 3 0.000976562
1 13 3 0.000976562
1 14 3 0.000976562
1 15 3 0.000976562
1 16 3 0.000976562
1 17 3 0.000976562
1 18 3 0.000976562
1 19 2 0.000976562
1 20 2 0.000976562
1 21 2 0.000976562
1 22 2 0.000976562
1 23 2 0.000976562
1 24 2 0.000976562
1 25 2 0.000976562
1 26 2 0.000976562
1 27 2 0.000976562
1 28 2 0.000976562
1 29 2 0.000976562
1 30 2 0.000976562
1 31 2 0.000976562
1 32 2 0.000976562
1 33 2 0.000976562
1 34 2 0.000976562
1 35 2 0.000976562
1 36 2 0.000976562
1 37 2 0.000976562
1 38 2 0.000976562
1 39 2 0.000976562
1 40 2 0.000976562
1 41 2 0.000976562
1 42 2 0.000976562
1 43 2 0.000976562
1 44 2 0.000976562
1 45 2 0.000976562
1 46 2 0.000976562
1 47 2 0.000976562
1 48 2 0.000976562
1 49 2 0.000976562
1 50 2 0.000976562
1 51 2 0.000976562
1 52 2 0.000976562
1 53 2 0.000976562
1 54 2 0.000976562
1 55 2 0.000976562
1 56 2 0.000976562
1 57 2 0.000976562
1 58 2 0.000976562
1 59 2 0.000976562
1 60 2 0.000976562
1 61 2 0.000976562
1 62 2 0.000976562
1 63 2 0.000976562
1 64 2 0.00012207
1 65 2 0.00012207
1 66 2 0.00012207
1 67 2 0.00012207
1 68 2 0.00012207
1 69 2 0.00012207
1 70 2 0.00012207
1 71 2 0.00012207
1 72 2 0.00012207
1 73 2 0.00012207
1 74 2 0.00012207
1 75 2 0.00012207
1 76 2 0.00012207
1 77 2 0.00012207
1 78 2 0.00012207
1 79 2 0.00012207
1 80 2 0.00012207
1 81 2 0.00012207
1 82 2 0.00012207
1 83 2 0.00012207
1 84 2 0.00012207
1 85 2 0.00012207
1 86 2 0.00012207
1 87 2 0.00012207
1 88 2 0.00012207
1 89 2 0.00012207
1 90 2 0.00012207
1 91 2 0.00012207
1 92 2 0.00012207
1 93 2 0.00012207
1 94 2 0.00012207
1 95 2 0.00012207
1 96 2 0.00012207
1 97 2 0.00012207
1 98 2 0.00012207
1 99 2 0.00012207
1 100 2 0.00012207
2 1 7 0.00292969
2 2 6 0.00195312
2 3 5 0.00195312
2 4 5 0.00195312
2 5 4 0.00195312
2 6 4 0.00195312
2 7 4 0.00195312
2 8 4 0.00195312
2 9 4 0.00195312
2 10 3 0.00195312
2 11 3 0.00195312
2 12 3 0.000976562
2 13 3 0.000976562
2 14 3 0.000976562
2 15 3 0.000976562
2 16 3 0.000976562
2 17 3 0.000976562
2 18 3 0.000976562
2 19 2 0.000976562
2 20 2 0.000976562
2 21 2 0.000976562
2 22 2 0.000976562
2 23 2 0.000976562
2 24 2 0.000976562
2 25 2 0.000976562
2 26 2 0.000976562
2 27 2 0.000976562
2 28 2 0.000976562
2 29 2 0.000976562
2 30 2 0.000976562
2 31 2 0.000976562
2 32 2 0.000976562
2 33 2 0.000976562
2 34 2 0.000976562
2 35 2 0.000976562
2 36 2 0.000976562
2 37 2 0.000976562
2 38 2 0.000976562
2 39 2 0.000976562
2 40 2 0.000976562
2 41 2 0.000976562
2 42 2 0.000976562
2 43 2 0.000976562
2 44 2 0.000976562
2 45 2 0.000976562
2 46 2 0.000976562
2 47 2 0.000976562
2 48 2 0.000976562
2 49 2 0.000976562
2 50 2 0.000976562
2 51 2 0.000976562
2 52 2 0.000976562
2 53 2 0.000976562
2 54 2 0.000976562
2 55 2 0.000976562
2 56 2 0.000976562
2 57 2 0.000976562
2 58 2 0.000976562
2 59 2 0.000976562
2 60 2 0.000976562
2 61 2 0.000976562
2 62 2 0.000976562
2 63 2 0.000976562
2 64 2 0.000976562
2 65 2 0.000976562
2 66 2 0.000976562
2 67 2 0.000976562
2 68 2 0.000976562
2 69 2 0.000976562
2 70 2 0.000976562
2 71 2 0.000976562
2 72 2 0.000976562
2 73 2 0.000976562
2 74 2 0.000976562
2 75 2 0.000976562
2 76 2 0.000976562
2 77 2 0.000976562
2 78 2 0.000976562
2 79 2 0.000976562
2 80 2 0.000976562
2 81 2 0.000976562
2 82 2 0.000976562
2 83 2 0.000976562
2 84 2 0.000976562
2 85 2 0.000976562
2 86 2 0.000976562
2 87 2 0.00012207
2 88 2 0.00012207
2 89 2 0.00012207
2 90 2 0.00012207
2 91 2 0.00012207
2 92 2 0.00012207
2 93 2 0.00012207
2 94 2 0.00012207
2 95 2 0.00012207
2 96 2 0.00012207
2 97 2 0.00012207
2 98 2 0.00012207
2 99 2 0.00012207
2 100 2 0.00012207
4 1 7 0.00488281
4 2 6 0.00390625
4 3 5 0.00390625
4 4 5 0.00390625
4 5 4 0.00292969
4 6 4 0.00292969
4 7 4 0.00292969
4 8 4 0.00292969
4 9 4 0.00292969
4 10 3 0.00292969
4 11 3 0.00292969
4 12 3 0.00292969
4 13 3 0.00195312
4 14 3 0.00195312
4 15 3 0.00195312
4 16 3 0.00195312
4 17 3 0.00195312
4 18 3 0.00195312
4 19 2 0.00195312
4 20 2 0.00195312
4 21 2 0.00195312
4 22 2 0.00195312
4 23 2 0.00195312
4 24 2 0.00195312
4 25 2 0.00195312
4 26 2 0.00195312
4 27 2 0.00195312
4 28 2 0.00195312
4 29 2 0.00195312
4 30 2 0.00195312
4 31 2 0.00195312
4 32 2 0.00195312
4 33 2 0.00195312
4 34 2 0.00195312
4 35 2 0.000976562
4 36 2 0.000976562
4 37 2 0.000976562
4 38 2 0.000976562
4 39 2 0.000976562
4 40 2 0.000976562
4 41 2 0.000976562
4 42 2 0.000976562
4 43 2 0.000976562
4 44 2 0.000976562
4 45 2 0.000976562
4 46 2 0.000976562
4 47 2 0.000976562
4 48 2 0.000976562
4 49 2 0.000976562
4 50 2 0.000976562
4 51 2 0.000976562
4 52 2 0.000976562
4 53 2 0.000976562
4 54 2 0.000976562
4 55 2 0.000976562
4 56 2 0.000976562
4 57 2 0.000976562
4 58 2 0.000976562
4 59 2 0.000976562
4 60 2 0.000976562
4 61 2 0.000976562
4 62 2 0.000976562
4 63 2 0.000976562
4 64 2 0.000976562
4 65 2 0.000976562
4 66 2 0.000976562
4 67 2 0.000976562
4 68 2 0.000976562
4 69 2 0.000976562
4 70 2 0.000976562
4 71 2 0.000976562
4 72 2 0.000976562
4 73 2 0.000976562
4 74 2 0.000976562
4 75 2 0.000976562
4 76 2 0.000976562
4 77 2 0.000976562
4 78 2 0.000976562
4 79 2 0.000976562
4 80 2 0.000976562
4 81 2 0.000976562
4 82 2 0.000976562
4 83 2 0.000976562
4 84 2 0.000976562
4 85 2 0.000976562
4 86 2 0.000976562
4 87 2 0.000976562
4 88 2 0.000976562
4 89 2 0.000976562
4 90 2 0.000976562
4 91 2 0.000976562
4 92 2 0.000976562
4 93 2 0.000976562
4 94 2 0.000976562
4 95 2 0.000976562
4 96 2 0.000976562
4 97 2 0.000976562
4 98 2 0.000976562
4 99 2 0.00012207
4 100 2 0.00012207
8 1 7 0.00976562
8 2 6 0.00878906
8 3 5 0.0078125
8 4 5 0.00683594
8 5 4 0.00683594
8 6 4 0.00585938
8 7 4 0.00585938
8 8 4 0.00585938
8 9 4 0.00488281
8 10 3 0.00488281
8 11 3 0.00488281
8 12 3 0.00488281
8 13 3 0.00488281
8 14 3 0.00390625
8 15 3 0.00390625
8 16 3 0.00390625
8 17 3 0.00390625
8 18 3 0.00390625
8 19 2 0.00390625
8 20 2 0.00390625
8 21 2 0.00390625
8 22 2 0.00390625
8 23 2 0.00292969
8 24 2 0.00292969
8 25 2 0.00292969
8 26 2 0.00292969
8 27 2 0.00292969
8 28 2 0.00292969
8 29 2 0.00292969
8 30 2 0.00292969
8 31 2 0.00292969
8 32 2 0.00292969
8 33 2 0.00292969
8 34 2 0.00292969
8 35 2 0.00292969
8 36 2 0.00292969
8 37 2 0.00292969
8 38 2 0.00195312
8 39 2 0.00195312
8 40 2 0.00195312
8 41 2 0.00195312
8 42 2 0.00195312
8 43 2 0.00195312
8 44 2 0.00195312
8 45 2 0.00195312
8 46 2 0.00195312
8 47 2 0.00195312
8 48 2 0.00195312
8 49 2 0.00195312
8 50 2 0.00195312
8 51 2 0.00195312
8 52 2 0.00195312
8 53 2 0.00195312
8 54 2 0.00195312
8 55 2 0.00195312
8 56 2 0.00195312
8 57 2 0.00195312
8 58 2 0.00195312
8 59 2 0.000976562
8 60 2 0.000976562
8 61 2 0.000976562
8 62 2 0.000976562
8 63 2 0.000976562
8 64 2 0.000976562
8 65 2 0.000976562
8 66 2 0.000976562
8 67 2 0.000976562
8 68 2 0.000976562
8 69 2 0.000976562
8 70 2 0.000976562
8 71 2 0.000976562
8 72 2 0.000976562
8 73 2 0.000976562
8 74 2 0.000976562
8 75 2 0.000976562
8 76 2 0.000976562
8 77 2 0.000976562
8 78 2 0.000976562
8 79 2 0.000976562
8 80 2 0.000976562
8 81 2 0.000976562
8 82 2 0.000976562
8 83 2 0.000976562
8 84 2 0.000976562
8 85 2 0.000976562
8 86 2 0.000976562
8 87 2 0.000976562
8 88 2 0.000976562
8 89 2 0.000976562
8 90 2 0.000976562
8 91 2 0.000976562
8 92 2 0.000976562
8 93 2 0.000976562
8 94 2 0.000976562
8 95 2 0.000976562
8 96 2 0.000976562
8 97 2 0.000976562
8 98 2 0.000976562
8 99 2 0.000976562
8 100 2 0.00012207
16 1 7 0.0195312
16 2 6 0.0166016
16 3 5 0.0146484
16 4 5 0.0136719
16 5 4 0.0126953
16 6 4 0.0117188
16 7 4 0.0107422
16 8 4 0.0107422
16 9 4 0.00976562
16 10 3 0.00976562
16 11 3 0.00976562
16 12 3 0.00878906
16 13 3 0.00878906
16 14 3 0.00878906
16 15 3 0.0078125
16 16 3 0.0078125
16 17 3 0.0078125
16 18 3 0.0078125
16 19 2 0.00683594
16 20 2 0.00683594
16 21 2 0.00683594
16 22 2 0.00683594
16 23 2 0.00585938
16 24 2 0.00585938
16 25 2 0.00585938
16 26 2 0.00585938
16 27 2 0.00585938
16 28 2 0.00585938
16 29 2 0.00585938
16 30 2 0.00488281
16 31 2 0.00488281
16 32 2 0.00488281
16 33 2 0.00488281
16 34 2 0.00488281
16 35 2 0.00488281
16 36 2 0.00488281
16 37 2 0.00488281
16 38 2 0.00488281
16 39 2 0.00390625
16 40 2 0.00390625
16 41 2 0.00390625
16 42 2 0.00390625
16 43 2 0.00390625
16 44 2 0.00390625
16 45 2 0.00390625
16 46 2 0.00390625
16 47 2 0.00390625
16 48 2 0.00292969
16 49 2 0.00292969
16 50 2 0.00292969
16 51 2 0.00292969
16 52 2 0.00292969
16 53 2 0.00292969
16 54 2 0.00292969
16 55 2 0.00292969
16 56 2 0.00292969
16 57 2 0.00292969
16 58 2 0.00292969
16 59 2 0.00292969
16 60 2 0.00292969
16 61 2 0.00195312
16 62 2 0.00195312
16 63 2 0.00195312
16 64 2 0.00195312
16 65 2 0.00195312
16 66 2 0.00195312
16 67 2 0.00195312
16 68 2 0.00195312
16 69 2 0.00195312
16 70 2 0.00195312
16 71 2 0.00195312
16 72 2 0.00195312
16 73 2 0.00195312
16 74 2 0.00195312
16 75 2 0.00195312
16 76 2 0.00195312
16 77 2 0.00195312
16 78 2 0.00195312
16 79 2 0.00195312
16 80 2 0.00195312
16 81 2 0.00195312
16 82 2 0.00195312
16 83 2 0.00195312
16 84 2 0.000976562
16 85 2 0.000976562
16 86 2 0.000976562
16 87 2 0.000976562
16 88 2 0.000976562
16 89 2 0.000976562
16 90 2 0.000976562
16 91 2 0.000976562
16 92 2 0.000976562
16 93 2 0.000976562
16 94 2 0.000976562
16 95 2 0.000976562
16 96 2 0.000976562
16 97 2 0.000976562
16 98 2 0.000976562
16 99 2 0.000976562
16 100 2 0.00012207
32 1 7 0.0380859
32 2 6 0.0322266
32 3 5 0.0292969
32 4 5 0.0263672
32 5 4 0.0244141
32 6 4 0.0234375
32 7 4 0.0224609
32 8 4 0.0205078
32 9 4 0.0205078
32 10 3 0.0195312
32 11 3 0.0185547
32 12 3 0.0175781
32 13 3 0.0166016
32 14 3 0.0166016
32 15 3 0.015625
32 16 3 0.015625
32 17 3 0.0146484
32 18 3 0.0146484
32 19 2 0.0136719
32 20 2 0.0136719
32 21 2 0.0126953
32 22 2 0.0126953
32 23 2 0.0126953
32 24 2 0.0117188
32 25 2 0.0117188
32 26 2 0.0117188
32 27 2 0.0107422
32 28 2 0.0107422
32 29 2 0.0107422
32 30 2 0.00976562
32 31 2 0.00976562
32 32 2 0.00976562
32 33 2 0.00976562
32 34 2 0.00976562
32 35 2 0.00878906
32 36 2 0.00878906
32 37 2 0.00878906
32 38 2 0.00878906
32 39 2 0.0078125
32 40 2 0.0078125
32 41 2 0.0078125
32 42 2 0.0078125
32 43 2 0.00683594
32 44 2 0.00683594
32 45 2 0.00683594
32 46 2 0.00683594
32 47 2 0.00683594
32 48 2 0.00585938
32 49 2 0.00585938
32 50 2 0.00585938
32 51 2 0.00585938
32 52 2 0.00585938
32 53 2 0.00585938
32 54 2 0.00585938
32 55 2 0.00488281
32 56 2 0.00488281
32 57 2 0.00488281
32 58 2 0.00488281
32 59 2 0.00488281
32 60 2 0.00488281
32 61 2 0.00488281
32 62 2 0.00488281
32 63 2 0.00390625
32 64 2 0.00390625
32 65 2 0.00390625
32 66 2 0.00390625
32 67 2 0.00390625
32 68 2 0.00390625
32 69 2 0.00390625
32 70 2 0.00390625
32 71 2 0.00390625
32 72 2 0.00390625
32 73 2 0.00292969
32 74 2 0.00292969
32 75 2 0.00292969
32 76 2 0.00292969
32 77 2 0.00292969
32 78 2 0.00292969
32 79 2 0.00292969
32 80 2 0.00292969
32 81 2 0.00292969
32 82 2 0.00292969
32 83 2 0.00292969
32 84 2 0.00292969
32 85 2 0.00195312
32 86 2 0.00195312
32 87 2 0.00195312
32 88 2 0.00195312
32 89 2 0.00195312
32 90 2 0.00195312
32 91 2 0.00195312
32 92 2 0.00195312
32 93 2 0.00195312
32 94 2 0.00195312
32 95 2 0.00195312
32 96 2 0.00195312
32 97 2 0.00195312
32 98 2 0.000976562
32 99 2 0.000976562
32 100 2 0.00012207
64 1 7 0.0751953
64 2 6 0.0644531
64 3 5 0.0576172
64 4 5 0.0527344
64 5 4 0.0488281
64 6 4 0.0458984
64 7 4 0.0439453
64 8 4 0.0419922
64 9 4 0.0400391
64 10 3 0.0380859
64 11 3 0.0361328
64 12 3 0.0351562
64 13 3 0.0332031
64 14 3 0.0322266
64 15 3 0.03125
64 16 3 0.0302734
64 17 3 0.0292969
64 18 3 0.0283203
64 19 2 0.0273438
64 20 2 0.0263672
64 21 2 0.0253906
64 22 2 0.0253906
64 23 2 0.0244141
64 24 2 0.0234375
64 25 2 0.0224609
64 26 2 0.0224609
64 27 2 0.0214844
64 28 2 0.0214844
64 29 2 0.0205078
64 30 2 0.0205078
64 31 2 0.0195312
64 32 2 0.0195312
64 33 2 0.0185547
64 34 2 0.0185547
64 35 2 0.0175781
64 36 2 0.0175781
64 37 2 0.0166016
64 38 2 0.0166016
64 39 2 0.0166016
64 40 2 0.015625
64 41 2 0.015625
64 42 2 0.0146484
64 43 2 0.0146484
64 44 2 0.0136719
64 45 2 0.0136719
64 46 2 0.0126953
64 47 2 0.0126953
64 48 2 0.0126953
64 49 2 0.0117188
64 50 2 0.0117188
64 51 2 0.0117188
64 52 2 0.0107422
64 53 2 0.0107422
64 54 2 0.0107422
64 55 2 0.00976562
64 56 2 0.00976562
64 57 2 0.00976562
64 58 2 0.00976562
64 59 2 0.00878906
64 60 2 0.00878906
64 61 2 0.00878906
64 62 2 0.00878906
64 63 2 0.0078125
64 64 2 0.0078125
64 65 2 0.0078125
64 66 2 0.0078125
64 67 2 0.0078125
64 68 2 0.00683594
64 69 2 0.00683594
64 70 2 0.00683594
64 71 2 0.00683594
64 72 2 0.00683594
64 73 2 0.00585938
64 74 2 0.00585938
64 75 2 0.00585938
64 76 2 0.00585938
64 77 2 0.00585938
64 78 2 0.00585938
64 79 2 0.00585938
64 80 2 0.00488281
64 81 2 0.00488281
64 82 2 0.00488281
64 83 2 0.00488281
64 84 2 0.00488281
64 85 2 0.00488281
64 86 2 0.00390625
64 87 2 0.00390625
64 88 2 0.00390625
64 89 2 0.00390625
64 90 2 0.00390625
64 91 2 0.00390625
64 92 2 0.00390625
64 93 2 0.00292969
64 94 2 0.00292969
64 95 2 0.00292969
64 96 2 0.00292969
64 97 2 0.00292969
64 98 2 0.00195312
64 99 2 0.00195312
64 100 2 0.00012207
128 1 7 0.150391
128 2 6 0.12793
128 3 5 0.114258
128 4 5 0.105469
128 5 4 0.0976562
128 6 4 0.0917969
128 7 4 0.0869141
128 8 4 0.0830078
128 9 4 0.0791016
128 10 3 0.0751953
128 11 3 0.0722656
128 12 3 0.0693359
128 13 3 0.0664062
128 14 3 0.0644531
128 15 3 0.0625
128 16 3 0.0605469
128 17 3 0.0585938
128 18 3 0.0566406
128 19 2 0.0546875
128 20 2 0.0527344
128 21 2 0.0517578
128 22 2 0.0498047
128 23 2 0.0478516
128 24 2 0.046875
128 25 2 0.0458984
128 26 2 0.0439453
128 27 2 0.0429688
128 28 2 0.0419922
128 29 2 0.0410156
128 30 2 0.0400391
128 31 2 0.0390625
128 32 2 0.0380859
128 33 2 0.0371094
128 34 2 0.0361328
128 35 2 0.0351562
128 36 2 0.0341797
128 37 2 0.0341797
128 38 2 0.0332031
128 39 2 0.0322266
128 40 2 0.03125
128 41 2 0.0302734
128 42 2 0.0292969
128 43 2 0.0283203
128 44 2 0.0273438
128 45 2 0.0263672
128 46 2 0.0253906
128 47 2 0.0253906
128 48 2 0.0244141
128 49 2 0.0234375
128 50 2 0.0224609
128 51 2 0.0224609
128 52 2 0.0214844
128 53 2 0.0214844
128 54 2 0.0205078
128 55 2 0.0195312
128 56 2 0.0195312
128 57 2 0.0185547
128 58 2 0.0185547
128 59 2 0.0175781
128 60 2 0.0175781
128 61 2 0.0166016
128 62 2 0.0166016
128 63 2 0.015625
128 64 2 0.015625
128 65 2 0.015625
128 66 2 0.0146484
128 67 2 0.0146484
128 68 2 0.0136719
128 69 2 0.0136719
128 70 2 0.0136719
128 71 2 0.0126953
128 72 2 0.0126953
128 73 2 0.0126953
128 74 2 0.0117188
128 75 2 0.0117188
128 76 2 0.0117188
128 77 2 0.0107422
128 78 2 0.0107422
128 79 2 0.0107422
128 80 2 0.00976562
128 81 2 0.00976562
128 82 2 0.00976562
128 83 2 0.00878906
128 84 2 0.00878906
128 85 2 0.00878906
128 86 2 0.00878906
128 87 2 0.0078125
128 88 2 0.0078125
128 89 2 0.0078125
128 90 2 0.00683594
128 91 2 0.00683594
128 92 2 0.00683594
128 93 2 0.00585938
128 94 2 0.00585938
128 95 2 0.00585938
128 96 2 0.00488281
128 97 2 0.00488281
128 98 2 0.00390625
128 99 2 0.00390625
128 100 2 0.00012207
256 1 7 0.299805
256 2 6 0.254883
256 3 5 0.228516
256 4 5 0.209961
256 5 4 0.195312
256 6 4 0.183594
256 7 4 0.173828
256 8 4 0.165039
256 9 4 0.158203
256 10 3 0.150391
256 11 3 0.144531
256 12 3 0.138672
256 13 3 0.132812
256 14 3 0.12793
256 15 3 0.124023
256 16 3 0.120117
256 17 3 0.116211
256 18 3 0.113281
256 19 2 0.109375
256 20 2 0.105469
256 21 2 0.102539
256 22 2 0.0986328
256 23 2 0.0957031
256 24 2 0.0927734
256 25 2 0.0908203
256 26 2 0.0878906
256 27 2 0.0859375
256 28 2 0.0830078
256 29 2 0.0810547
256 30 2 0.0791016
256 31 2 0.0771484
256 32 2 0.0751953
256 33 2 0.0732422
256 34 2 0.0722656
256 35 2 0.0703125
256 36 2 0.0683594
256 37 2 0.0673828
256 38 2 0.0654297
256 39 2 0.0634766
256 40 2 0.0615234
256 41 2 0.0595703
256 42 2 0.0576172
256 43 2 0.0556641
256 44 2 0.0546875
256 45 2 0.0527344
256 46 2 0.0507812
256 47 2 0.0498047
256 48 2 0.0478516
256 49 2 0.046875
256 50 2 0.0458984
256 51 2 0.0439453
256 52 2 0.0429688
256 53 2 0.0419922
256 54 2 0.0410156
256 55 2 0.0390625
256 56 2 0.0380859
256 57 2 0.0371094
256 58 2 0.0361328
256 59 2 0.0351562
256 60 2 0.0341797
256 61 2 0.0332031
256 62 2 0.0322266
256 63 2 0.0322266
256 64 2 0.03125
256 65 2 0.0302734
256 66 2 0.0292969
256 67 2 0.0283203
256 68 2 0.0273438
256 69 2 0.0273438
256 70 2 0.0263672
256 71 2 0.0253906
256 72 2 0.0253906
256 73 2 0.0244141
256 74 2 0.0234375
256 75 2 0.0224609
256 76 2 0.0224609
256 77 2 0.0214844
256 78 2 0.0214844
256 79 2 0.0205078
256 80 2 0.0195312
256 81 2 0.0195312
256 82 2 0.0185547
256 83 2 0.0175781
256 84 2 0.0175781
256 85 2 0.0166016
256 86 2 0.0166016
256 87 2 0.015625
256 88 2 0.0146484
256 89 2 0.0146484
256 90 2 0.0136719
256 91 2 0.0136719
256 92 2 0.0126953
256 93 2 0.0117188
256 94 2 0.0117188
256 95 2 0.0107422
256 96 2 0.00976562
256 97 2 0.00976562
256 98 2 0.00878906
256 99 2 0.00683594
256 100 2 0.00012207
512 1 7 0.599609
512 2 6 0.509766
512 3 5 0.456055
512 4 5 0.419922
512 5 4 0.390625
512 6 4 0.366211
512 7 4 0.34668
512 8 4 0.330078
512 9 4 0.31543
512 10 3 0.300781
512 11 3 0.288086
512 12 3 0.276367
512 13 3 0.265625
512 14 3 0.256836
512 15 3 0.248047
512 16 3 0.240234
512 17 3 0.232422
512 18 3 0.225586
512 19 2 0.21875
512 20 2 0.210938
512 21 2 0.204102
512 22 2 0.198242
512 23 2 0.191406
512 24 2 0.186523
512 25 2 0.180664
512 26 2 0.175781
512 27 2 0.170898
512 28 2 0.166016
512 29 2 0.162109
512 30 2 0.158203
512 31 2 0.154297
512 32 2 0.150391
512 33 2 0.146484
512 34 2 0.143555
512 35 2 0.139648
512 36 2 0.136719
512 37 2 0.133789
512 38 2 0.130859
512 39 2 0.126953
512 40 2 0.123047
512 41 2 0.119141
512 42 2 0.115234
512 43 2 0.111328
512 44 2 0.108398
512 45 2 0.104492
512 46 2 0.101562
512 47 2 0.0986328
512 48 2 0.0957031
512 49 2 0.0927734
512 50 2 0.0908203
512 51 2 0.0878906
512 52 2 0.0859375
512 53 2 0.0830078
512 54 2 0.0810547
512 55 2 0.0791016
512 56 2 0.0761719
512 57 2 0.0742188
512 58 2 0.0722656
512 59 2 0.0703125
512 60 2 0.0683594
512 61 2 0.0664062
512 62 2 0.0654297
512 63 2 0.0634766
512 64 2 0.0615234
512 65 2 0.0595703
512 66 2 0.0585938
512 67 2 0.0566406
512 68 2 0.0556641
512 69 2 0.0537109
512 70 2 0.0527344
512 71 2 0.0507812
512 72 2 0.0498047
512 73 2 0.0478516
512 74 2 0.046875
512 75 2 0.0458984
512 76 2 0.0439453
512 77 2 0.0429688
512 78 2 0.0419922
512 79 2 0.0400391
512 80 2 0.0390625
512 81 2 0.0380859
512 82 2 0.0371094
512 83 2 0.0351562
512 84 2 0.0341797
512 85 2 0.0332031
512 86 2 0.0322266
512 87 2 0.03125
512 88 2 0.0302734
512 89 2 0.0283203
512 90 2 0.0273438
512 91 2 0.0263672
512 92 2 0.0253906
512 93 2 0.0234375
512 94 2 0.0224609
512 95 2 0.0214844
512 96 2 0.0195312
512 97 2 0.0185547
512 98 2 0.0166016
512 99 2 0.0136719
512 100 2 0.00012207
1024 1 7 1.19922
1024 2 6 1.01953
1024 3 5 0.913086
1024 4 5 0.838867
1024 5 4 0.78125
1024 6 4 0.732422
1024 7 4 0.692383
1024 8 4 0.65918
1024 9 4 0.630859
1024 10 3 0.601562
1024 11 3 0.575195
1024 12 3 0.551758
1024 13 3 0.53125
1024 14 3 0.512695
1024 15 3 0.495117
1024 16 3 0.479492
1024 17 3 0.464844
1024 18 3 0.451172
1024 19 2 0.4375
1024 20 2 0.421875
1024 21 2 0.408203
1024 22 2 0.395508
1024 23 2 0.382812
1024 24 2 0.37207
1024 25 2 0.361328
1024 26 2 0.350586
1024 27 2 0.341797
1024 28 2 0.332031
1024 29 2 0.323242
1024 30 2 0.31543
1024 31 2 0.307617
1024 32 2 0.299805
1024 33 2 0.292969
1024 34 2 0.286133
1024 35 2 0.279297
1024 36 2 0.273438
1024 37 2 0.267578
1024 38 2 0.261719
1024 39 2 0.25293
1024 40 2 0.245117
1024 41 2 0.237305
1024 42 2 0.229492
1024 43 2 0.222656
1024 44 2 0.21582
1024 45 2 0.208984
1024 46 2 0.203125
1024 47 2 0.197266
1024 48 2 0.191406
1024 49 2 0.185547
1024 50 2 0.180664
1024 51 2 0.175781
1024 52 2 0.170898
1024 53 2 0.166016
1024 54 2 0.161133
1024 55 2 0.157227
1024 56 2 0.152344
1024 57 2 0.148438
1024 58 2 0.144531
1024 59 2 0.140625
1024 60 2 0.136719
1024 61 2 0.132812
1024 62 2 0.129883
1024 63 2 0.125977
1024 64 2 0.123047
1024 65 2 0.119141
1024 66 2 0.116211
1024 67 2 0.113281
1024 68 2 0.110352
1024 69 2 0.107422
1024 70 2 0.104492
1024 71 2 0.101562
1024 72 2 0.0986328
1024 73 2 0.0957031
1024 74 2 0.0927734
1024 75 2 0.0908203
1024 76 2 0.0878906
1024 77 2 0.0849609
1024 78 2 0.0830078
1024 79 2 0.0800781
1024 80 2 0.078125
1024 81 2 0.0751953
1024 82 2 0.0732422
1024 83 2 0.0712891
1024 84 2 0.0683594
1024 85 2 0.0664062
1024 86 2 0.0634766
1024 87 2 0.0615234
1024 88 2 0.0595703
1024 89 2 0.0566406
1024 90 2 0.0546875
1024 91 2 0.0527344
1024 92 2 0.0498047
1024 93 2 0.0478516
1024 94 2 0.0449219
1024 95 2 0.0419922
1024 96 2 0.0390625
1024 97 2 0.0361328
1024 98 2 0.0322266
1024 99 2 0.0273438
1024 100 2 0.00012207
2048 1 7 2.39844
2048 2 6 2.03809
2048 3 5 1.8252
2048 4 5 1.67773
2048 5 4 1.5625
2048 6 4 1.46484
2048 7 4 1.38477
2048 8 4 1.31836
2048 9 4 1.26074
2048 10 3 1.20215
2048 11 3 1.15039
2048 12 3 1.10352
2048 13 3 1.0625
2048 14 3 1.02441
2048 15 3 0.990234
2048 16 3 0.958008
2048 17 3 0.929688
2048 18 3 0.902344
2048 19 2 0.874023
2048 20 2 0.84375
2048 21 2 0.816406
2048 22 2 0.790039
2048 23 2 0.765625
2048 24 2 0.743164
2048 25 2 0.72168
2048 26 2 0.701172
2048 27 2 0.682617
2048 28 2 0.664062
2048 29 2 0.646484
2048 30 2 0.630859
2048 31 2 0.615234
2048 32 2 0.599609
2048 33 2 0.585938
2048 34 2 0.572266
2048 35 2 0.558594
2048 36 2 0.545898
2048 37 2 0.53418
2048 38 2 0.522461
2048 39 2 0.505859
2048 40 2 0.490234
2048 41 2 0.474609
2048 42 2 0.458984
2048 43 2 0.445312
2048 44 2 0.431641
2048 45 2 0.418945
2048 46 2 0.40625
2048 47 2 0.394531
2048 48 2 0.382812
2048 49 2 0.37207
2048 50 2 0.361328
2048 51 2 0.350586
2048 52 2 0.34082
2048 53 2 0.331055
2048 54 2 0.322266
2048 55 2 0.313477
2048 56 2 0.304688
2048 57 2 0.296875
2048 58 2 0.288086
2048 59 2 0.280273
2048 60 2 0.273438
2048 61 2 0.265625
2048 62 2 0.258789
2048 63 2 0.251953
2048 64 2 0.245117
2048 65 2 0.238281
2048 66 2 0.232422
2048 67 2 0.225586
2048 68 2 0.219727
2048 69 2 0.213867
2048 70 2 0.208008
2048 71 2 0.202148
2048 72 2 0.196289
2048 73 2 0.191406
2048 74 2 0.185547
2048 75 2 0.180664
2048 76 2 0.175781
2048 77 2 0.170898
2048 78 2 0.165039
2048 79 2 0.160156
2048 80 2 0.155273
2048 81 2 0.151367
2048 82 2 0.146484
2048 83 2 0.141602
2048 84 2 0.136719
2048 85 2 0.131836
2048 86 2 0.12793
2048 87 2 0.123047
2048 88 2 0.118164
2048 89 2 0.113281
2048 90 2 0.109375
2048 91 2 0.104492
2048 92 2 0.0996094
2048 93 2 0.0947266
2048 94 2 0.0888672
2048 95 2 0.0839844
2048 96 2 0.078125
2048 97 2 0.0712891
2048 98 2 0.0644531
2048 99 2 0.0546875
2048 100 2 0.00012207
4096 1 7 4.79688
4096 2 6 4.07617
4096 3 5 3.64941
4096 4 5 3.35547
4096 5 4 3.12402
4096 6 4 2.92871
4096 7 4 2.76953
4096 8 4 2.63574
4096 9 4 2.52051
4096 10 3 2.4043
4096 11 3 2.2998
4096 12 3 2.20703
4096 13 3 2.12402
4096 14 3 2.04883
4096 15 3 1.97949
4096 16 3 1.91699
4096 17 3 1.8584
4096 18 3 1.80469
4096 19 2 1.74707
4096 20 2 1.6875
4096 21 2 1.63184
4096 22 2 1.58008
4096 23 2 1.53125
4096 24 2 1.48633
4096 25 2 1.44336
4096 26 2 1.40234
4096 27 2 1.36426
4096 28 2 1.32812
4096 29 2 1.29395
4096 30 2 1.26074
4096 31 2 1.22949
4096 32 2 1.19922
4096 33 2 1.1709
4096 34 2 1.14355
4096 35 2 1.11719
4096 36 2 1.0918
4096 37 2 1.06738
4096 38 2 1.04395
4096 39 2 1.01172
4096 40 2 0.979492
4096 41 2 0.948242
4096 42 2 0.917969
4096 43 2 0.889648
4096 44 2 0.862305
4096 45 2 0.836914
4096 46 2 0.811523
4096 47 2 0.788086
4096 48 2 0.764648
4096 49 2 0.743164
4096 50 2 0.72168
4096 51 2 0.701172
4096 52 2 0.681641
4096 53 2 0.663086
4096 54 2 0.644531
4096 55 2 0.626953
4096 56 2 0.609375
4096 57 2 0.592773
4096 58 2 0.577148
4096 59 2 0.561523
4096 60 2 0.545898
4096 61 2 0.53125
4096 62 2 0.517578
4096 63 2 0.50293
4096 64 2 0.490234
4096 65 2 0.476562
4096 66 2 0.463867
4096 67 2 0.451172
4096 68 2 0.439453
4096 69 2 0.427734
4096 70 2 0.416016
4096 71 2 0.404297
4096 72 2 0.393555
4096 73 2 0.381836
4096 74 2 0.371094
4096 75 2 0.361328
4096 76 2 0.350586
4096 77 2 0.34082
4096 78 2 0.331055
4096 79 2 0.320312
4096 80 2 0.310547
4096 81 2 0.301758
4096 82 2 0.291992
4096 83 2 0.282227
4096 84 2 0.273438
4096 85 2 0.263672
4096 86 2 0.254883
4096 87 2 0.245117
4096 88 2 0.236328
4096 89 2 0.226562
4096 90 2 0.217773
4096 91 2 0.208008
4096 92 2 0.198242
4096 93 2 0.188477
4096 94 2 0.177734
4096 95 2 0.166992
4096 96 2 0.155273
4096 97 2 0.142578
4096 98 2 0.12793
4096 99 2 0.109375
4096 100 2 0.00012207
8192 1 7 9.59375
8192 2 6 8.15234
8192 3 5 7.29883
8192 4 5 6.71094
8192 5 4 6.24707
8192 6 4 5.85645
8192 7 4 5.53809
8192 8 4 5.27051
8192 9 4 5.04199
8192 10 3 4.80859
8192 11 3 4.59961
8192 12 3 4.41406
8192 13 3 4.24707
8192 14 3 4.09668
8192 15 3 3.95898
8192 16 3 3.83301
8192 17 3 3.71582
8192 18 3 3.6084
8192 19 2 3.49414
8192 20 2 3.37402
8192 21 2 3.26367
8192 22 2 3.15918
8192 23 2 3.0625
8192 24 2 2.97168
8192 25 2 2.88574
8192 26 2 2.80469
8192 27 2 2.72852
8192 28 2 2.65527
8192 29 2 2.58691
8192 30 2 2.52051
8192 31 2 2.45801
8192 32 2 2.39844
8192 33 2 2.34082
8192 34 2 2.28613
8192 35 2 2.2334
8192 36 2 2.18262
8192 37 2 2.13477
8192 38 2 2.08789
8192 39 2 2.02344
8192 40 2 1.95801
8192 41 2 1.89551
8192 42 2 1.83594
8192 43 2 1.7793
8192 44 2 1.72461
8192 45 2 1.67285
8192 46 2 1.62305
8192 47 2 1.5752
8192 48 2 1.5293
8192 49 2 1.48535
8192 50 2 1.44336
8192 51 2 1.40234
8192 52 2 1.36328
8192 53 2 1.3252
8192 54 2 1.28809
8192 55 2 1.25293
8192 56 2 1.21875
8192 57 2 1.18555
8192 58 2 1.15332
8192 59 2 1.12207
8192 60 2 1.0918
8192 61 2 1.0625
8192 62 2 1.03418
8192 63 2 1.00586
8192 64 2 0.979492
8192 65 2 0.953125
8192 66 2 0.927734
8192 67 2 0.902344
8192 68 2 0.87793
8192 69 2 0.854492
8192 70 2 0.831055
8192 71 2 0.808594
8192 72 2 0.786133
8192 73 2 0.763672
8192 74 2 0.743164
8192 75 2 0.72168
8192 76 2 0.701172
8192 77 2 0.680664
8192 78 2 0.661133
8192 79 2 0.641602
8192 80 2 0.62207
8192 81 2 0.602539
8192 82 2 0.583984
8192 83 2 0.564453
8192 84 2 0.545898
8192 85 2 0.527344
8192 86 2 0.508789
8192 87 2 0.490234
8192 88 2 0.47168
8192 89 2 0.453125
8192 90 2 0.43457
8192 91 2 0.416016
8192 92 2 0.396484
8192 93 2 0.375977
8192 94 2 0.355469
8192 95 2 0.333984
8192 96 2 0.310547
8192 97 2 0.285156
8192 98 2 0.255859
8192 99 2 0.217773
8192 100 2 0.00012207
16384 1 7 19.1865
16384 2 6 16.3037
16384 3 5 14.5977
16384 4 5 13.4219
16384 5 4 12.4941
16384 6 4 11.7129
16384 7 4 11.0762
16384 8 4 10.542
16384 9 4 10.083
16384 10 3 9.61719
16384 11 3 9.19922
16384 12 3 8.82715
16384 13 3 8.49414
16384 14 3 8.19238
16384 15 3 7.91699
16384 16 3 7.66504
16384 17 3 7.43164
16384 18 3 7.21582
16384 19 2 6.9873
16384 20 2 6.74805
16384 21 2 6.52637
16384 22 2 6.31836
16384 23 2 6.125
16384 24 2 5.94238
16384 25 2 5.77148
16384 26 2 5.60938
16384 27 2 5.45605
16384 28 2 5.31055
16384 29 2 5.17285
16384 30 2 5.04199
16384 31 2 4.91602
16384 32 2 4.79688
16384 33 2 4.68164
16384 34 2 4.57227
16384 35 2 4.4668
16384 36 2 4.36621
16384 37 2 4.26855
16384 38 2 4.1748
16384 39 2 4.04688
16384 40 2 3.91602
16384 41 2 3.79102
16384 42 2 3.67188
16384 43 2 3.55859
16384 44 2 3.4502
16384 45 2 3.3457
16384 46 2 3.24609
16384 47 2 3.15039
16384 48 2 3.05859
16384 49 2 2.9707
16384 50 2 2.88574
16384 51 2 2.80371
16384 52 2 2.72559
16384 53 2 2.64941
16384 54 2 2.57617
16384 55 2 2.50488
16384 56 2 2.43652
16384 57 2 2.37012
16384 58 2 2.30566
16384 59 2 2.24316
16384 60 2 2.18262
16384 61 2 2.12402
16384 62 2 2.06738
16384 63 2 2.01172
16384 64 2 1.95801
16384 65 2 1.90527
16384 66 2 1.85449
16384 67 2 1.80469
16384 68 2 1.75586
16384 69 2 1.70801
16384 70 2 1.66113
16384 71 2 1.61621
16384 72 2 1.57129
16384 73 2 1.52832
16384 74 2 1.48535
16384 75 2 1.44336
16384 76 2 1.40137
16384 77 2 1.36133
16384 78 2 1.32129
16384 79 2 1.28223
16384 80 2 1.24316
16384 81 2 1.20508
16384 82 2 1.16699
16384 83 2 1.12891
16384 84 2 1.0918
16384 85 2 1.05469
16384 86 2 1.01758
16384 87 2 0.980469
16384 88 2 0.943359
16384 89 2 0.90625
16384 90 2 0.869141
16384 91 2 0.831055
16384 92 2 0.791992
16384 93 2 0.75293
16384 94 2 0.710938
16384 95 2 0.667969
16384 96 2 0.62207
16384 97 2 0.570312
16384 98 2 0.511719
16384 99 2 0.43457
16384 100 2 0.00012207
32768 1 7 38.3721
32768 2 6 32.6064
32768 3 5 29.1953
32768 4 5 26.8428
32768 5 4 24.9883
32768 6 4 23.4248
32768 7 4 22.1514
32768 8 4 21.083
32768 9 4 20.165
32768 10 3 19.2334
32768 11 3 18.3975
32768 12 3 17.6543
32768 13 3 16.9883
32768 14 3 16.3848
32768 15 3 15.835
32768 16 3 15.3301
32768 17 3 14.8633
32768 18 3 14.4316
32768 19 2 13.9736
32768 20 2 13.4961
32768 21 2 13.0518
32768 22 2 12.6367
32768 23 2 12.249
32768 24 2 11.8848
32768 25 2 11.542
32768 26 2 11.2178
32768 27 2 10.9121
32768 28 2 10.6211
32768 29 2 10.3457
32768 30 2 10.083
32768 31 2 9.83203
32768 32 2 9.59277
32768 33 2 9.36426
32768 34 2 9.14453
32768 35 2 8.93359
32768 36 2 8.73145
32768 37 2 8.53613
32768 38 2 8.34863
32768 39 2 8.09277
32768 40 2 7.83105
32768 41 2 7.58105
32768 42 2 7.34375
32768 43 2 7.11621
32768 44 2 6.89941
32768 45 2 6.69141
32768 46 2 6.49219
32768 47 2 6.30078
32768 48 2 6.11719
32768 49 2 5.94043
32768 50 2 5.77148
32768 51 2 5.60742
32768 52 2 5.4502
32768 53 2 5.29785
32768 54 2 5.15137
32768 55 2 5.00977
32768 56 2 4.87305
32768 57 2 4.74023
32768 58 2 4.61133
32768 59 2 4.48633
32768 60 2 4.36621
32768 61 2 4.24805
32768 62 2 4.13477
32768 63 2 4.02344
32768 64 2 3.91602
32768 65 2 3.81055
32768 66 2 3.70801
32768 67 2 3.6084
32768 68 2 3.51074
32768 69 2 3.41602
32768 70 2 3.32227
32768 71 2 3.23145
32768 72 2 3.14258
32768 73 2 3.05566
32768 74 2 2.96973
32768 75 2 2.88574
32768 76 2 2.80273
32768 77 2 2.72168
32768 78 2 2.64258
32768 79 2 2.56348
32768 80 2 2.48535
32768 81 2 2.40918
32768 82 2 2.33301
32768 83 2 2.25781
32768 84 2 2.18262
32768 85 2 2.1084
32768 86 2 2.03516
32768 87 2 1.96094
32768 88 2 1.88672
32768 89 2 1.8125
32768 90 2 1.7373
32768 91 2 1.66113
32768 92 2 1.58398
32768 93 2 1.50488
32768 94 2 1.42188
32768 95 2 1.33594
32768 96 2 1.24316
32768 97 2 1.14062
32768 98 2 1.02246
32768 99 2 0.869141
32768 100 2 0.00012207
